66.7,33.9,9.0,60.4,7777
66.7,33.8,9.0,60.3,7777
66.6,33.8,9.0,60.4,7777
66.6,33.8,9.0,60.4,7777
66.7,33.8,9.0,60.3,7777
66.6,33.8,9.0,60.3,7777
66.6,33.9,9.0,60.3,7777
66.6,33.8,9.0,60.3,7777
66.6,33.8,9.0,60.3,7777
66.7,33.9,9.0,60.3,7777
66.7,33.8,8.9,60.2,7777
66.5,33.6,9.0,60.2,7777
66.6,33.0,8.9,59.8,7777
67.7,33.5,8.4,60.0,7777
67.8,33.6,8.4,60.2,7777
67.2,33.3,8.7,60.2,7777
67.0,34.5,9.1,60.9,7777
65.4,34.0,9.9,60.2,7777
65.9,33.9,9.6,60.1,7777
64.8,35.7,11.2,61.4,7777
63.7,36.8,12.8,61.4,7777
62.0,40.5,16.2,63.0,7777
61.8,40.4,16.3,63.0,7777
63.6,39.1,14.5,62.1,7777
68.8,35.7,10.5,60.9,7777
75.7,24.8,4.3,57.6,7777
82.9,18.1,1.1,55.8,7777
84.0,20.4,3.5,57.9,7777
79.6,32.0,13.5,63.4,7777
69.6,48.4,31.9,71.4,7777
69.8,47.3,33.5,73.9,7777
78.7,34.5,21.7,72.9,7777
81.7,21.2,14.5,71.7,7777
80.0,19.3,16.3,75.4,7777
70.6,25.1,27.7,84.7,7777
68.3,19.3,25.3,86.1,7777
72.5,3.9,10.4,83.4,7777
80.4,7.4,0.0,78.2,7777
77.4,16.5,0.0,74.6,7777
70.8,12.1,0.0,80.8,7777
62.7,7.7,2.7,86.1,7777
63.4,17.9,0.0,83.1,7777
67.2,38.1,6.0,75.3,7777
64.9,49.9,10.6,67.5,7777
61.5,55.2,13.0,59.5,7777
58.8,53.5,11.1,58.2,7777
57.7,44.5,1.7,65.3,7777
57.0,32.9,0.5,70.4,7777
59.7,32.0,0.1,70.5,7777
64.5,40.6,0.4,66.9,7777
67.4,49.6,8.4,60.1,7777
70.4,53.8,12.0,55.3,7777
73.0,52.5,13.2,60.7,7777
74.7,44.9,10.6,67.2,7777
73.5,32.8,5.1,73.1,7777
69.7,14.8,0.0,81.7,7777
65.6,1.4,5.2,87.1,7777
67.5,0.0,10.0,85.3,7777
73.6,1.3,9.5,79.5,7777
80.4,2.6,8.2,74.7,7777
85.5,5.0,7.8,69.8,7777
90.9,5.0,4.4,64.2,7777
93.0,8.2,3.2,62.5,7777
86.3,22.8,12.3,67.5,7777
78.1,38.8,25.0,72.0,7777
76.5,43.6,25.6,69.3,7777
76.2,40.3,19.6,64.9,7777
76.4,32.8,11.2,59.6,7777
76.6,26.3,4.6,55.2,7777
71.7,25.8,4.6,55.3,7777
70.1,27.7,5.9,57.0,7777
77.6,22.4,2.1,53.9,7777
84.2,18.8,1.0,54.0,7777
87.7,17.5,1.9,54.6,7777
85.1,26.8,9.8,59.6,7777
73.7,48.3,30.9,69.1,7777
64.1,59.6,47.6,73.9,7777
69.2,52.4,40.5,74.7,7777
84.6,28.1,15.7,68.0,7777
90.6,12.7,6.5,63.1,7777
89.0,14.2,9.6,67.0,7777
80.1,18.8,18.8,75.1,7777
81.9,7.5,10.9,74.0,7777
89.9,8.5,0.0,64.1,7777
94.4,25.4,1.9,56.7,7777
88.3,15.2,0.0,66.7,7777
75.3,2.3,4.3,79.7,7777
71.2,6.7,3.2,79.6,7777
78.8,31.2,2.9,68.6,7777
81.3,55.7,12.6,51.1,7777
75.3,53.4,10.9,47.7,7777
71.7,40.9,2.9,56.1,7777
69.1,32.2,0.0,66.7,7777
66.9,36.4,0.0,63.3,7777
63.9,44.1,4.6,53.9,7777
63.4,48.1,8.9,43.1,7777
64.7,50.3,9.3,44.9,7777
67.7,46.8,6.3,53.9,7777
68.8,37.2,0.3,65.0,7777
72.1,35.1,0.5,66.5,7777
77.8,39.5,4.7,62.5,7777
80.0,38.5,5.0,61.3,7777
81.3,37.7,4.8,62.0,7777
84.7,43.1,7.1,56.1,7777
87.6,44.7,8.7,56.3,7777
86.7,30.5,4.7,63.2,7777
81.4,8.5,0.0,74.8,7777
73.3,1.1,7.8,81.0,7777
75.0,5.9,11.1,80.0,7777
84.3,5.9,6.3,71.4,7777
86.1,10.3,6.4,68.8,7777
84.0,18.2,9.6,70.3,7777
83.9,24.8,9.9,68.9,7777
81.2,27.0,8.8,66.5,7777
76.4,30.6,9.4,65.6,7777
72.1,35.3,10.6,65.1,7777
74.4,28.8,3.8,61.0,7777
78.8,15.5,0.0,55.9,7777
83.9,5.5,1.7,51.9,7777
88.4,8.8,0.0,54.8,7777
87.1,16.7,1.0,58.8,7777
86.8,20.7,5.0,61.7,7777
91.8,14.7,2.0,60.2,7777
97.5,4.4,0.0,55.7,7777
100.0,3.9,0.0,51.2,7777
98.5,2.6,0.0,55.8,7777
90.8,6.6,6.5,65.1,7777
81.8,16.0,16.5,73.7,7777
80.9,8.7,12.9,75.5,7777
86.5,3.4,0.9,69.5,7777
91.4,20.2,1.2,63.1,7777
87.1,29.8,1.9,59.7,7777
84.7,33.9,3.1,59.8,7777
79.5,30.4,0.1,63.1,7777
76.1,30.8,0.0,65.7,7777
71.7,36.7,0.1,62.8,7777
67.3,43.1,3.3,57.1,7777
64.4,47.4,7.8,52.6,7777
62.5,47.2,7.6,51.2,7777
64.4,47.1,7.0,51.7,7777
68.1,48.9,7.5,54.3,7777
72.1,47.9,7.7,57.8,7777
75.1,44.2,6.9,61.2,7777
78.0,41.7,7.2,63.0,7777
82.0,41.5,9.0,63.6,7777
82.1,36.0,7.2,65.6,7777
81.1,28.6,3.8,68.2,7777
82.3,20.2,2.3,71.9,7777
84.0,11.8,0.5,73.9,7777
77.8,1.8,1.0,78.8,7777
77.0,1.6,4.7,78.7,7777
79.9,6.7,6.6,78.5,7777
77.0,14.5,12.7,79.4,7777
74.2,22.0,17.9,78.2,7777
74.5,27.1,18.8,75.8,7777
75.3,32.6,18.1,72.8,7777
69.9,39.0,21.0,71.4,7777
61.9,46.0,26.2,71.5,7777
57.3,55.4,30.8,72.7,7777
48.2,60.9,41.4,75.0,7777
42.2,67.2,53.1,76.6,7777
43.2,63.3,53.1,76.4,7777
43.5,61.9,56.3,79.9,7777
42.7,54.7,56.9,82.6,7777
42.7,46.2,53.8,85.3,7777
44.3,36.8,47.3,88.9,7777
50.6,20.4,28.6,92.2,7777
61.7,1.9,4.1,92.5,7777
68.2,6.2,1.3,87.3,7777
65.6,12.9,4.4,89.4,7777
62.3,18.1,6.6,91.2,7777
65.8,33.4,17.0,85.8,7777
72.6,58.0,29.7,73.1,7777
75.2,76.5,35.1,61.1,7777
72.8,76.3,31.2,55.4,7777
69.7,71.2,25.1,49.4,7777
65.8,63.1,19.6,49.4,7777
63.0,53.2,12.8,56.5,7777
60.4,45.1,3.5,63.6,7777
58.7,46.1,4.9,60.2,7777
57.8,51.1,11.3,53.3,7777
59.0,56.8,16.4,43.9,7777
61.1,63.3,20.5,45.6,7777
64.1,65.7,21.7,51.5,7777
66.4,60.9,19.6,61.4,7777
67.0,49.2,15.4,72.2,7777
63.8,31.2,7.0,82.0,7777
59.5,14.4,0.0,88.8,7777
60.6,9.1,0.0,89.8,7777
68.4,10.1,0.0,85.8,7777
75.1,9.4,0.0,81.1,7777
78.0,3.4,0.0,79.9,7777
73.9,1.0,3.9,79.6,7777
81.2,5.8,2.7,76.8,7777
80.3,13.5,4.8,74.2,7777
70.8,29.6,16.2,77.9,7777
58.4,48.0,33.7,79.5,7777
54.2,54.3,36.4,76.4,7777
63.0,44.9,18.4,72.4,7777
75.1,20.4,0.0,61.5,7777
78.6,10.9,1.5,57.3,7777
74.8,17.1,0.0,59.8,7777
62.0,42.6,14.3,70.5,7777
53.8,53.4,28.7,73.2,7777
64.3,45.9,17.0,73.0,7777
80.6,21.5,0.0,65.7,7777
89.6,6.8,2.4,58.5,7777
83.2,21.3,1.2,66.5,7777
64.8,45.2,29.5,78.5,7777
61.7,45.5,35.1,79.9,7777
77.1,25.4,12.6,76.0,7777
88.6,7.2,0.0,66.9,7777
79.3,13.5,8.2,76.3,7777
65.8,23.4,26.3,87.9,7777
71.2,13.6,15.0,86.4,7777
86.9,9.7,1.4,70.4,7777
94.8,31.6,10.2,60.4,7777
85.0,19.0,3.1,70.6,7777
66.8,0.0,5.9,92.0,7777
61.0,0.0,6.4,91.6,7777
73.7,24.6,5.6,80.3,7777
81.7,53.0,17.0,61.9,7777
75.9,42.8,9.2,66.1,7777
65.0,22.6,0.0,78.2,7777
60.8,24.2,0.0,79.1,7777
64.4,45.4,6.2,70.0,7777
62.2,58.9,16.3,54.6,7777
57.6,56.5,14.7,51.6,7777
56.7,54.8,13.2,57.2,7777
60.7,53.9,11.6,60.8,7777
63.5,48.1,8.2,67.9,7777
66.4,50.8,11.4,66.1,7777
69.7,60.7,18.9,59.2,0
69.8,73.8,24.9,45.6,7777
67.5,78.4,25.3,39.2,7777
67.4,79.4,26.7,40.7,7777
67.5,81.2,27.2,39.1,7777
68.1,79.2,26.5,41.2,7777
69.9,73.3,24.4,47.5,7777
71.1,65.2,23.4,59.7,7777
71.9,57.2,21.5,67.3,7777
73.8,55.5,23.5,70.3,7777
74.1,53.4,22.7,70.7,7777
68.8,38.6,15.1,80.1,7777
63.1,22.5,6.0,86.9,7777
61.3,11.1,0.4,90.6,7777
64.6,8.6,0.0,88.9,7777
72.8,13.5,3.3,83.8,7777
82.0,23.8,10.1,73.7,7777
84.4,22.6,10.6,71.6,7777
72.2,2.7,0.0,84.9,7777
60.9,7.5,13.5,91.9,7777
60.1,13.0,17.3,87.3,7777
74.4,11.0,3.5,81.8,7777
84.4,3.2,1.1,70.0,7777
83.2,2.6,3.3,67.0,7777
82.8,3.8,6.4,66.1,7777
80.3,1.9,12.9,59.7,7777
74.7,2.5,15.6,60.0,7777
70.5,6.4,13.5,61.8,7777
72.5,5.5,13.6,61.4,7777
77.5,1.7,16.3,59.8,7777
87.2,11.5,22.9,54.4,7777
90.3,14.0,20.1,54.3,7777
84.8,3.6,3.2,66.2,7777
72.9,25.1,7.7,77.5,7777
67.4,34.0,18.3,82.9,7777
74.8,19.0,6.2,79.4,7777
87.6,2.1,1.3,68.1,7777
88.8,3.6,1.4,67.8,7777
77.5,5.1,3.6,80.6,7777
69.5,9.6,12.2,86.5,7777
71.6,3.7,6.9,84.4,7777
76.8,1.7,0.0,83.5,7777
76.0,11.8,0.7,80.4,7777
75.7,19.9,3.9,78.3,7777
66.6,10.3,0.0,86.0,7777
55.5,0.0,6.9,93.4,7777
58.5,7.4,0.2,90.4,7777
72.9,40.6,14.2,75.6,7777
76.9,73.6,26.3,53.3,7777
73.6,74.9,23.0,44.1,7777
72.1,60.4,15.9,49.7,7777
69.4,46.3,6.7,61.5,7777
67.7,44.5,4.6,64.0,7777
65.6,49.0,7.5,56.6,7777
61.4,49.1,8.2,53.2,7777
60.0,49.2,9.0,49.0,7777
61.9,50.9,9.8,52.3,7777
66.0,50.7,9.2,57.1,7777
70.3,46.2,7.7,64.7,7777
71.2,37.5,4.7,71.2,7777
72.8,34.1,4.2,72.5,7777
77.9,42.2,9.8,66.6,7777
79.7,46.9,11.9,63.3,7777
80.0,48.0,11.3,60.3,7777
81.5,50.7,12.2,57.4,7777
80.6,45.1,11.5,63.9,7777
79.1,35.1,7.9,68.9,7777
74.7,22.8,2.4,76.2,7777
72.8,15.4,0.0,80.1,7777
75.1,14.7,0.1,78.7,7777
78.1,13.8,0.3,77.0,7777
80.2,15.0,0.4,74.1,7777
83.0,13.3,0.7,71.9,7777
84.0,6.8,0.0,73.8,7777
81.0,2.0,0.0,73.0,7777
76.9,2.6,5.6,77.0,7777
73.2,12.0,13.6,81.7,7777
70.6,20.3,19.7,81.7,7777
71.9,29.9,22.7,81.4,7777
67.2,37.0,28.1,80.1,7777
67.3,41.2,27.0,77.3,7777
71.1,39.4,19.2,71.1,7777
68.6,38.9,16.8,69.4,7777
67.6,38.7,12.9,67.8,7777
65.2,36.0,9.2,64.5,7777
60.0,34.6,8.7,64.1,7777
58.1,36.5,10.7,64.8,7777
58.4,43.6,17.1,67.2,7777
65.0,43.3,16.4,69.0,7777
75.3,30.4,7.1,66.1,7777
87.6,10.6,0.0,58.6,7777
89.9,4.8,0.9,56.3,7777
86.1,15.4,0.0,63.4,7777
76.0,33.1,15.2,72.1,7777
74.3,34.7,19.7,73.9,7777
85.0,18.9,5.7,69.4,7777
94.6,3.5,0.0,59.4,7777
88.8,6.0,1.4,65.2,7777
81.2,14.3,11.1,74.5,7777
83.6,9.3,7.7,74.1,7777
96.6,8.4,0.3,59.8,7777
99.0,27.9,6.7,51.4,7777
96.9,25.7,4.1,55.0,7777
91.7,13.6,0.0,62.6,7777
87.6,10.8,0.0,67.6,7777
94.5,28.0,3.7,58.6,7777
92.9,41.7,4.9,48.5,7777
91.3,37.6,4.3,53.5,7777
86.0,25.0,0.0,61.0,7777
79.1,18.6,0.0,68.6,7777
81.2,35.9,2.4,59.7,7777
81.2,58.2,10.8,41.1,7777
76.3,57.3,8.8,34.4,7777
74.5,42.2,3.6,46.1,7777
71.2,33.2,0.0,55.8,7777
70.0,33.6,0.0,54.2,7777
70.9,37.7,0.6,49.5,7777
71.6,44.0,4.8,43.0,7777
71.4,49.1,7.4,35.9,7777
71.6,47.5,7.0,38.7,7777
73.2,39.5,2.2,47.5,7777
74.5,33.4,0.0,55.2,7777
78.3,38.0,1.2,53.4,7777
81.0,47.0,6.1,44.8,7777
81.1,56.1,7.3,32.8,7777
83.5,55.9,8.7,36.6,7777
85.4,46.2,6.3,46.7,7777
85.9,38.8,4.5,55.1,7777
88.4,42.3,5.5,51.8,7777
92.0,51.5,7.9,45.3,7777
91.3,40.7,5.6,52.2,7777
85.5,18.0,0.0,65.2,7777
74.9,0.6,6.3,78.9,7777
76.7,2.1,9.2,76.8,7777
85.4,2.0,4.7,71.0,7777
91.3,2.0,1.2,63.7,7777
92.0,4.8,2.8,63.5,7777
77.3,27.9,23.9,76.6,7777
64.4,47.5,46.4,81.2,7777
65.5,52.2,45.0,77.2,7777
76.5,43.6,26.2,68.9,7777
86.7,22.5,5.8,55.3,7777
86.1,13.6,0.0,50.8,7777
82.4,16.6,1.4,53.0,7777
82.6,22.7,4.9,54.6,7777
82.8,30.9,11.1,59.2,7777
76.6,44.7,25.7,68.3,7777
65.2,56.8,46.4,75.9,7777
65.8,56.2,47.1,76.7,7777
77.0,39.3,28.3,74.4,7777
88.4,17.8,8.9,66.9,7777
88.9,12.7,7.6,66.0,7777
79.4,25.9,21.9,75.8,7777
63.3,36.3,43.6,88.3,7777
69.2,22.0,27.0,86.6,7777
82.2,1.7,4.0,73.3,7777
79.0,0.8,4.6,76.0,7777
71.3,1.8,9.5,86.4,7777
74.3,2.7,1.2,83.5,7777
79.5,23.6,1.5,69.5,7777
72.3,19.8,0.0,76.5,7777
59.8,6.3,6.2,85.8,7777
54.9,6.2,8.3,84.6,7777
61.3,26.9,0.0,78.4,7777
65.8,51.3,11.7,66.8,7777
62.2,56.0,14.1,63.0,7777
58.2,53.5,10.7,61.5,7777
53.8,52.3,10.2,57.7,7777
50.8,54.4,15.6,50.0,7777
50.1,57.5,21.0,43.3,7777
51.1,58.7,20.8,40.8,7777
53.1,59.2,19.6,41.5,7777
54.0,57.8,17.2,53.4,7777
56.7,53.6,10.8,61.4,7777
56.8,43.1,1.7,71.3,7777
56.7,30.0,0.0,75.3,7777
58.2,20.4,0.4,79.6,7777
63.7,20.2,0.0,79.2,7777
70.3,25.9,0.7,75.5,7777
79.3,37.9,7.6,66.5,7777
84.4,45.7,10.9,59.2,7777
87.1,47.5,12.4,57.9,7777
87.7,39.5,11.7,62.8,7777
86.0,24.4,8.0,70.0,7777
82.5,9.0,1.9,74.7,7777
74.3,1.2,0.9,83.0,7777
67.8,11.1,11.2,86.9,7777
67.2,22.4,16.8,86.2,7777
64.9,33.7,23.2,84.7,7777
54.7,46.7,37.2,83.5,7777
42.4,60.0,52.9,79.6,7777
33.8,68.7,63.2,75.1,7777
40.3,64.2,54.9,77.0,7777
50.3,54.9,43.9,82.4,7777
53.4,43.0,37.8,86.0,7777
50.3,36.3,40.1,89.6,7777
45.4,30.4,42.4,91.7,7777
41.8,21.3,37.2,91.0,7777
45.5,12.3,22.9,96.8,7777
41.5,1.4,14.3,96.6,7777
38.4,0.0,6.5,93.8,7777
35.2,0.1,1.8,90.7,7777
30.1,4.1,0.0,83.9,7777
28.2,14.2,1.6,77.6,7777
29.4,25.5,11.4,78.4,7777
30.0,44.1,22.8,75.7,7777
29.1,60.0,30.0,72.0,7777
27.9,71.1,36.0,67.7,7777
25.4,73.6,37.5,62.9,7777
23.7,70.2,33.6,60.7,7777
22.6,66.6,32.3,60.3,7777
21.9,65.4,33.7,59.7,7777
22.0,65.9,34.1,58.9,7777
23.4,67.3,31.1,60.3,7777
25.8,69.1,29.1,62.1,7777
29.1,65.6,27.3,63.3,7777
30.9,54.2,21.5,67.9,7777
31.2,40.1,14.0,73.6,7777
30.8,26.1,6.1,76.3,7777
31.0,14.6,0.0,79.5,7777
29.3,4.5,2.4,82.1,7777
33.3,0.0,5.7,83.8,7777
37.8,0.0,9.2,91.0,7777
47.8,0.3,3.1,95.6,7777
63.8,13.8,2.8,89.6,7777
78.5,33.8,15.3,75.0,7777
84.5,37.9,17.9,69.6,7777
77.7,20.4,8.2,76.0,7777
67.0,0.2,0.8,86.9,7777
54.0,17.7,25.0,89.9,7777
43.3,39.2,50.5,87.4,7777
39.3,52.9,58.6,80.2,7777
35.4,64.5,63.0,74.8,7777
34.6,70.1,60.3,71.4,7777
37.7,64.0,49.2,70.8,7777
54.8,45.7,20.0,66.9,7777
67.8,28.6,3.1,61.4,7777
76.5,16.4,0.0,58.5,7777
78.7,22.3,0.7,62.5,7777
81.8,27.8,5.6,66.3,7777
78.5,31.6,14.3,71.2,7777
67.8,43.2,33.2,78.8,7777
50.6,57.8,62.7,83.7,7777
34.5,63.5,83.7,77.0,7777
36.5,54.1,75.5,80.7,7777
49.5,31.4,45.9,91.2,7777
66.3,5.7,10.1,88.6,7777
70.2,0.8,1.6,91.8,7777
67.5,0.5,0.4,92.0,7777
62.1,3.8,0.0,93.1,7777
59.3,9.4,0.0,93.1,7777
51.0,5.0,1.2,93.3,7777
43.7,2.2,5.9,88.9,7777
45.8,14.5,0.0,86.3,7777
50.1,38.3,9.0,81.5,7777
56.6,63.8,29.0,75.7,7777
56.7,78.1,41.0,65.6,7777
49.0,70.7,30.9,57.1,7777
47.1,61.5,26.4,58.9,7777
43.0,52.5,16.2,59.9,7777
39.2,48.7,5.1,60.0,7777
39.9,42.5,0.0,57.4,7777
40.5,40.7,0.0,55.9,7777
42.9,42.9,0.0,56.6,7777
47.8,40.7,0.0,60.1,7777
53.1,39.0,0.0,65.6,7777
59.1,37.1,0.0,69.1,7777
65.2,39.4,1.0,68.7,7777
72.2,50.1,10.2,59.6,7777
77.6,64.5,17.5,47.1,7777
80.3,70.8,20.0,44.9,7777
84.0,67.1,20.4,51.3,7777
80.6,46.6,13.5,64.3,7777
75.6,25.5,5.8,76.5,7777
72.2,8.3,0.0,82.8,7777
62.2,3.7,12.9,90.4,7777
54.2,16.8,32.1,88.5,7777
57.1,26.1,38.0,87.2,7777
60.5,33.8,39.2,82.8,7777
68.5,36.9,32.9,77.4,7777
74.7,37.6,24.5,71.3,7777
76.5,35.5,16.7,66.0,7777
74.2,33.7,12.2,62.5,7777
67.8,33.2,10.8,60.9,7777
60.2,33.8,10.7,59.4,7777
49.7,37.0,14.9,61.0,7777
37.4,39.4,24.7,62.1,7777
31.8,44.0,31.9,63.2,7777
37.7,42.2,25.2,63.0,7777
51.2,35.4,11.0,61.8,7777
67.2,15.9,0.0,53.9,7777
74.0,10.2,0.0,53.2,7777
80.5,9.6,0.0,53.4,7777
84.2,13.1,0.0,54.8,7777
80.0,32.0,8.0,62.5,7777
60.8,57.4,39.8,72.6,7777
58.9,58.3,45.7,74.4,7777
73.2,40.2,25.6,73.1,7777
86.9,17.1,6.9,66.0,7777
95.0,4.9,0.0,61.8,7777
88.3,7.8,4.9,67.6,7777
74.0,24.3,23.4,81.4,7777
60.3,30.5,40.3,89.7,7777
61.0,19.8,30.7,89.9,7777
61.0,7.6,19.2,89.8,7777
60.6,2.5,11.5,97.6,7777
64.8,7.8,0.0,88.1,7777
75.1,39.5,13.5,75.0,7777
80.4,70.7,25.4,54.5,7777
78.9,72.5,23.6,49.3,7777
75.2,53.5,13.6,59.5,7777
68.7,32.5,0.0,72.3,7777
58.2,17.8,6.2,76.1,7777
53.5,15.7,7.8,72.7,7777
55.2,31.4,0.7,70.5,7777
55.0,46.9,2.2,67.3,7777
54.0,51.6,8.2,63.3,7777
53.7,49.8,6.3,67.3,7777
53.1,46.0,1.5,65.5,7777
55.4,44.5,1.1,68.8,7777
59.1,43.2,2.1,69.3,7777
62.5,43.8,4.1,69.0,7777
64.0,42.4,4.5,70.3,7777
62.3,32.0,0.0,76.2,7777
59.3,17.3,1.4,79.1,7777
60.6,12.0,3.4,81.1,7777
68.6,19.3,0.0,79.1,7777
82.9,36.0,6.0,62.9,7777
89.0,50.4,11.1,52.0,7777
88.1,48.8,8.9,52.0,7777
90.1,44.6,9.1,55.7,7777
92.1,38.4,8.0,56.0,7777
81.5,10.2,0.0,72.4,7777
62.5,7.5,20.8,86.1,7777
62.9,20.5,29.4,87.9,7777
66.4,26.0,31.2,85.9,7777
67.1,30.6,33.2,82.5,7777
73.3,37.1,30.0,78.6,7777
75.0,40.9,28.4,73.4,7777
73.1,42.7,27.3,70.7,7777
69.9,48.2,29.1,68.4,7777
53.1,66.4,52.0,71.3,7777
36.9,77.7,72.6,69.0,7777
29.9,77.6,78.3,66.7,7777
38.3,71.9,63.5,66.8,7777
48.9,62.8,45.0,65.0,7777
60.2,48.5,25.5,59.8,7777
62.8,39.7,18.7,57.0,7777
64.0,44.8,20.3,60.4,7777
66.8,47.5,22.8,61.8,7777
73.7,47.0,20.7,63.6,7777
83.0,31.0,9.8,59.2,7777
93.0,7.5,0.0,48.9,7777
96.1,2.4,0.0,46.4,7777
96.1,8.0,0.0,52.0,7777
87.0,36.9,18.5,64.6,7777
68.8,57.3,47.0,75.4,7777
59.3,63.7,61.7,78.5,7777
65.5,56.0,50.9,77.1,7777
74.2,46.5,37.5,75.7,7777
84.2,30.7,19.7,71.5,7777
82.2,23.9,19.0,75.4,7777
83.2,17.8,15.5,73.2,7777
84.0,12.6,12.3,71.4,7777
73.7,21.6,24.6,80.7,7777
60.5,33.2,43.9,88.8,7777
54.1,30.8,48.0,90.0,7777
60.7,14.6,27.2,88.8,7777
70.3,0.3,5.9,87.0,7777
71.7,5.2,0.0,85.5,7777
64.8,4.7,2.0,87.3,7777
60.6,5.8,2.5,88.6,7777
64.0,20.5,0.0,83.3,7777
68.4,40.8,10.3,76.1,7777
67.2,51.9,14.4,68.8,7777
64.3,55.7,14.2,62.7,7777
60.0,56.4,13.6,60.2,7777
55.6,54.4,13.6,59.1,7777
52.4,51.7,12.6,57.4,7777
50.2,50.2,12.0,55.5,7777
49.4,50.7,11.6,56.0,7777
51.6,50.8,11.5,55.0,7777
54.5,52.8,11.0,59.3,7777
58.0,51.2,8.3,65.5,7777
60.9,46.2,5.7,69.3,7777
63.9,42.4,5.5,71.4,7777
64.6,35.6,3.6,75.0,7777
66.2,30.4,2.3,77.0,7777
67.6,25.0,1.2,78.0,7777
64.4,12.6,0.0,83.6,7777
58.8,0.9,8.0,89.0,7777
64.1,0.0,7.2,87.0,7777
73.4,3.7,1.7,79.1,7777
79.0,4.8,0.0,76.9,7777
83.5,7.6,0.0,68.3,7777
90.2,8.7,0.0,63.4,7777
90.1,2.7,0.0,66.2,7777
84.5,5.7,4.0,71.5,7777
82.1,13.0,7.8,71.3,7777
83.2,16.7,7.3,69.8,7777
83.1,18.5,5.3,67.4,7777
79.2,23.7,6.5,67.3,7777
71.1,34.4,12.1,69.4,7777
64.4,44.5,16.3,70.4,7777
56.4,45.8,18.8,69.6,7777
57.0,39.7,13.5,66.8,7777
58.6,43.3,15.0,67.2,7777
48.3,60.0,37.4,72.5,7777
45.0,64.8,49.4,76.0,7777
52.1,54.9,40.8,77.5,7777
62.4,44.9,28.4,77.9,7777
65.0,38.0,24.6,79.2,7777
69.6,30.3,18.5,80.7,7777
72.6,20.8,12.5,80.7,7777
70.5,18.4,14.2,84.6,7777
67.3,15.2,16.0,87.5,7777
67.4,6.6,10.3,86.5,7777
69.2,3.3,5.2,91.0,7777
68.8,0.5,0.0,91.5,7777
67.3,7.3,0.0,88.7,7777
70.9,19.6,6.0,84.5,7777
73.1,32.8,12.4,79.0,7777
73.0,40.0,15.4,76.4,7777
72.3,44.7,16.0,73.8,7777
71.2,48.0,15.9,72.3,7777
68.5,50.4,14.3,69.9,7777
65.8,54.0,14.4,65.9,7777
62.9,59.1,17.1,59.7,7777
60.3,62.3,20.4,52.1,7777
57.4,59.7,20.4,48.1,7777
53.6,53.5,15.6,49.0,7777
52.4,50.9,13.9,49.0,7777
52.3,52.1,13.3,48.4,7777
55.4,53.7,12.7,51.5,7777
58.7,49.2,6.3,60.6,7777
59.3,38.5,0.0,69.3,7777
59.8,27.9,0.0,73.9,7777
60.9,21.2,1.1,76.9,7777
63.9,17.4,1.4,78.9,7777
70.1,18.3,0.0,76.5,7777
80.1,30.0,1.9,65.8,7777
86.8,45.9,8.1,52.6,7777
89.3,54.1,10.5,48.4,7777
90.8,45.4,10.0,54.8,7777
83.3,19.9,1.3,69.4,7777
76.4,2.8,1.3,78.7,7777
79.6,1.6,1.8,72.7,7777
82.5,3.2,4.2,73.2,7777
71.2,20.3,21.6,80.7,7777
65.0,33.6,33.9,81.5,7777
73.1,35.6,25.3,75.5,7777
79.0,30.8,15.0,68.8,7777
78.5,28.1,9.7,65.8,7777
79.7,20.7,1.8,59.8,7777
77.1,15.9,0.0,56.2,7777
68.0,24.8,2.4,60.1,7777
58.7,39.1,14.0,64.1,7777
52.9,50.7,26.6,68.1,7777
47.6,61.7,41.8,71.9,7777
49.4,64.1,47.2,76.1,7777
57.9,56.4,38.0,78.9,7777
74.4,35.7,14.4,73.2,7777
82.0,21.5,3.9,70.8,7777
84.7,16.9,2.4,69.6,7777
78.7,22.8,12.0,75.1,7777
74.1,24.4,18.5,80.5,7777
80.1,12.6,7.5,78.6,7777
88.1,1.9,0.0,72.0,7777
85.3,3.4,0.0,71.3,7777
81.8,4.6,0.0,74.8,7777
83.7,12.4,1.0,76.0,7777
87.5,38.5,8.9,62.0,7777
88.7,69.0,15.7,43.2,7777
82.6,77.8,16.5,35.5,7777
83.7,69.8,14.1,35.6,7777
85.6,48.1,7.0,44.7,7777
79.8,23.2,0.0,64.9,7777
67.5,5.3,14.3,75.1,7777
55.0,0.0,27.2,74.3,7777
49.1,0.0,25.2,69.9,7777
52.3,11.4,12.3,68.4,7777
54.3,32.6,1.8,67.5,7777
52.7,46.0,0.0,67.9,7777
48.4,50.4,6.9,62.5,7777
46.5,51.7,12.4,57.6,7777
46.6,52.4,13.5,55.6,7777
49.1,54.0,13.1,57.6,7777
52.8,55.3,11.3,63.5,7777
56.1,48.0,5.6,69.3,7777
58.6,36.7,1.3,75.1,7777
59.1,25.1,0.0,80.1,7777
61.4,16.0,0.0,83.9,7777
68.7,16.3,0.0,81.2,7777
82.4,32.7,5.9,66.2,7777
90.7,47.5,11.4,54.6,7777
92.8,45.9,11.7,53.7,7777
93.9,35.8,11.3,58.2,7777
91.5,16.4,6.0,66.3,7777
82.7,2.3,0.0,72.7,7777
76.3,6.3,3.9,78.3,7777
74.3,17.2,9.0,77.9,7777
66.5,34.5,22.4,79.6,7777
50.2,54.2,45.9,78.9,7777
32.5,68.2,68.4,73.2,7777
28.9,71.9,73.3,71.8,7777
38.1,68.3,62.0,74.9,7777
51.5,58.2,45.1,78.7,7777
65.1,41.3,24.8,80.8,7777
77.2,21.4,7.0,75.5,7777
81.1,12.8,2.9,74.4,7777
78.2,11.8,5.6,78.2,7777
66.0,19.4,21.2,86.3,7777
44.3,34.8,53.5,88.2,7777
32.8,40.9,66.6,81.9,7777
34.8,33.6,57.8,81.6,7777
47.4,19.1,33.6,93.7,7777
54.3,5.6,14.8,100.0,7777
58.7,1.3,1.5,93.3,7777
57.1,2.4,0.0,97.1,7777
53.0,4.4,0.0,95.2,7777
57.7,18.7,6.6,93.1,7777
67.4,46.8,23.6,79.9,7777
72.0,59.2,29.4,72.7,7777
64.2,42.7,17.6,80.9,7777
53.3,22.4,1.2,87.2,7777
51.1,23.5,0.4,86.8,7777
58.6,47.6,14.6,75.7,7777
60.8,61.1,24.1,70.1,7777
58.3,57.5,19.4,74.0,7777
54.3,49.1,7.8,74.8,7777
52.7,51.9,9.3,72.7,7777
53.3,57.7,14.7,68.6,7777
51.9,55.6,12.3,69.1,7777
50.3,51.3,6.4,70.2,7777
50.0,48.0,3.3,70.4,7777
51.0,48.4,4.5,70.5,7777
53.8,55.3,12.3,69.8,7777
56.2,64.3,22.7,61.2,7777
55.2,64.1,23.1,62.0,7777
53.2,55.9,12.2,67.9,7777
51.7,44.5,1.5,71.6,7777
53.3,45.3,2.9,71.8,7777
57.9,58.9,16.4,65.9,7777
61.0,69.7,26.3,53.1,7777
60.0,66.3,24.7,58.9,7777
57.6,53.5,12.1,69.9,7777
53.1,40.1,1.4,76.0,7777
55.9,41.9,2.8,73.6,7777
59.6,54.8,13.9,68.4,7777
62.2,67.1,24.3,58.4,7777
61.5,64.3,23.1,62.2,7777
59.7,51.3,11.9,70.7,7777
55.6,37.0,1.8,77.6,7777
56.0,36.5,2.2,77.3,7777
61.9,45.8,10.1,73.8,7777
66.1,56.4,19.1,68.4,7777
66.1,55.9,17.8,67.0,7777
62.4,41.7,9.6,76.6,7777
55.4,25.7,0.0,82.5,7777
55.7,24.5,0.0,81.4,7777
60.8,32.5,5.6,81.5,7777
69.9,54.3,20.1,69.3,7777
71.0,59.0,22.2,65.7,7777
66.2,43.2,12.3,74.4,7777
54.9,19.6,0.0,87.0,7777
51.0,9.8,1.5,88.1,7777
57.4,16.6,0.0,87.3,7777
66.9,33.5,9.7,81.1,7777
72.4,43.9,15.2,73.2,7777
69.9,36.7,11.9,78.1,7777
57.9,14.4,0.0,89.7,7777
47.5,1.2,8.5,90.3,7777
48.8,1.5,7.7,91.3,7777
61.3,15.1,0.1,88.1,7777
74.5,41.4,15.2,73.2,7777
73.8,42.0,14.8,73.4,7777
67.5,24.0,4.5,81.2,7777
53.9,3.6,2.5,93.1,7777
48.8,0.0,9.4,92.7,7777
55.6,2.4,2.7,91.9,7777
66.8,17.1,2.5,85.3,7777
72.1,26.3,7.4,79.6,7777
69.7,20.3,4.3,82.6,7777
58.4,1.6,2.3,93.6,7777
50.7,1.1,15.0,95.0,7777
56.0,0.0,10.1,94.3,7777
70.3,7.0,0.0,86.1,7777
79.0,20.4,4.9,74.7,7777
73.3,13.4,1.1,81.6,7777
62.7,0.0,5.1,92.2,7777
57.4,1.9,13.1,92.2,7777
68.4,0.2,2.2,89.1,7777
83.6,13.2,3.0,75.5,7777
86.4,18.3,4.4,68.1,7777
76.2,1.4,0.0,81.6,7777
55.8,12.4,27.0,91.5,7777
53.7,17.1,31.8,90.1,7777
66.4,7.6,15.2,85.5,7777
82.0,2.6,0.0,71.9,7777
81.8,1.2,0.0,73.1,7777
66.1,12.7,19.0,84.3,7777
51.9,29.7,44.1,90.6,7777
57.0,26.6,36.1,86.2,7777
75.2,12.3,12.1,79.4,7777
90.0,2.1,0.0,68.5,7777
87.4,2.0,0.0,68.4,7777
70.2,20.7,19.2,81.7,7777
57.6,38.7,42.8,86.3,7777
62.0,38.8,37.9,83.9,7777
75.1,24.1,15.8,76.7,7777
88.0,8.2,0.0,65.9,7777
84.4,13.8,2.6,70.0,7777
65.0,39.3,30.6,81.1,7777
50.6,58.2,56.7,82.1,7777
60.3,53.1,41.0,80.0,7777
77.6,29.2,10.1,69.4,7777
84.9,14.0,0.0,59.9,7777
72.6,36.7,15.3,69.0,7777
42.9,67.3,58.5,73.8,7777
35.4,71.4,65.1,69.9,7777
45.9,62.8,46.9,70.0,7777
64.8,45.0,18.4,65.5,7777
70.4,28.3,5.2,59.7,7777
61.0,41.7,17.2,65.3,7777
35.7,65.3,52.1,68.0,7777
31.0,65.1,54.5,65.1,7777
43.9,52.0,32.0,65.4,7777
58.6,36.0,10.2,61.1,7777
64.8,32.3,7.2,59.5,7777
61.5,45.4,19.7,64.9,7777
51.3,59.3,37.3,70.6,7777
58.4,50.7,25.8,66.4,7777
68.8,36.2,11.8,60.7,7777
65.7,43.5,20.0,65.1,7777
44.6,67.8,56.7,72.6,7777
25.2,81.1,87.4,67.8,7777
30.3,78.3,80.2,69.6,7777
46.0,66.3,60.2,76.8,7777
55.8,54.8,45.9,80.9,7777
61.7,46.4,37.2,82.2,7777
64.1,39.8,33.1,83.3,7777
67.6,28.8,24.5,83.7,7777
63.3,26.8,27.4,87.6,7777
56.3,26.3,34.4,90.4,7777
49.5,26.9,41.6,91.9,7777
44.0,25.3,43.8,91.1,7777
42.4,24.5,42.6,94.3,7777
39.5,19.2,38.2,93.5,7777
39.3,12.4,30.1,98.8,7777
45.7,0.0,8.9,99.8,7777
51.5,5.0,0.0,96.5,7777
52.5,12.5,2.9,95.1,7777
50.7,15.3,4.5,95.5,7777
47.4,17.4,4.4,93.2,7777
47.0,24.1,7.8,90.1,7777
46.0,30.0,10.7,87.8,7777
46.2,37.3,14.1,84.7,7777
44.3,41.6,14.0,82.1,7777
42.0,45.7,13.6,78.3,7777
39.5,50.5,13.8,75.0,7777
38.4,55.8,14.3,71.9,7777
36.1,57.6,14.1,66.9,7777
36.0,57.4,14.7,65.0,7777
37.0,52.4,12.6,69.2,7777
38.0,44.0,9.6,72.9,7777
39.2,37.1,7.0,77.7,7777
43.8,34.0,8.6,80.5,7777
47.7,31.1,8.8,83.8,7777
49.1,24.4,5.8,88.3,7777
48.4,15.5,1.0,91.1,7777
46.2,5.0,0.3,93.4,7777
45.0,0.0,7.1,93.6,7777
46.7,0.8,13.9,93.3,7777
48.1,7.5,21.4,94.3,7777
47.1,15.7,33.3,92.4,7777
48.0,23.1,39.6,88.8,7777
50.7,31.8,44.2,86.5,7777
51.5,42.0,50.9,84.8,7777
51.8,49.2,53.7,82.4,7777
55.7,53.1,49.2,79.9,7777
61.9,52.3,38.0,75.0,7777
63.9,47.5,28.7,70.3,7777
65.9,42.7,19.8,67.6,7777
71.3,35.6,10.6,64.3,7777
73.5,35.9,9.8,66.8,7777
77.1,32.9,9.3,67.4,7777
79.6,30.2,10.1,68.3,7777
82.5,23.5,8.1,70.0,7777
84.8,17.4,5.4,69.8,7777
79.7,19.7,12.1,74.9,7777
65.3,34.3,34.4,85.8,7777
46.7,43.4,60.1,88.6,7777
39.2,38.1,62.0,87.2,7777
39.7,25.8,48.0,88.1,7777
41.3,17.1,36.4,96.8,7777
44.8,1.3,13.9,97.3,7777
52.9,9.1,0.6,96.4,7777
59.0,30.7,17.2,91.2,7777
58.5,41.4,22.2,87.4,7777
55.1,44.1,20.5,85.3,7777
52.6,50.5,21.5,82.3,7777
51.3,57.3,23.7,80.2,7777
55.8,71.3,35.0,87.2,7777
57.5,85.0,46.5,100.0,7777
47.9,73.9,30.5,88.5,362
44.7,66.9,26.9,68.0,7777
42.8,64.2,22.7,65.2,7777
43.1,62.6,20.0,69.3,7777
43.8,62.3,19.8,68.9,7777
45.0,60.5,18.8,71.2,7777
45.9,56.2,17.4,73.8,7777
47.1,48.7,14.7,76.0,7777
48.1,39.9,12.1,80.3,7777
48.4,31.4,9.5,85.7,7777
51.2,26.5,8.6,88.4,7777
54.7,22.3,8.4,90.7,7777
54.1,13.4,2.7,94.5,7777
52.4,4.3,0.0,96.4,7777
48.6,0.0,8.3,96.1,7777
46.1,4.0,18.8,93.3,7777
47.0,9.1,24.2,93.6,7777
48.8,15.1,29.4,93.5,7777
53.0,19.4,29.3,92.0,7777
52.2,21.1,31.4,85.9,7777
51.1,32.2,40.7,88.8,7777
48.3,43.6,50.5,87.5,7777
43.4,47.2,56.3,82.2,7777
43.9,49.7,56.9,83.5,7777
43.8,49.7,57.2,84.0,7777
43.0,52.1,60.9,86.1,7777
43.2,51.3,59.8,85.6,7777
43.3,50.8,59.1,85.2,7777
43.6,49.8,57.9,84.5,7777
43.6,50.2,58.5,85.1,7777
41.8,49.2,61.0,85.2,7777
47.1,41.1,49.9,88.0,7777
49.9,32.4,41.3,90.4,7777
52.4,22.5,31.8,92.6,7777
57.7,12.1,18.4,93.9,7777
61.6,8.1,9.6,100.0,7777
58.0,0.2,7.8,92.9,7777
56.6,0.0,4.8,94.4,7777
54.4,0.0,3.3,95.1,7777
52.4,2.5,0.3,96.1,7777
54.7,11.8,1.4,95.1,7777
60.3,26.0,13.0,90.8,7777
63.6,42.8,21.7,83.4,7777
65.0,54.2,25.9,77.5,7777
64.2,60.8,26.9,72.2,7777
61.8,62.6,24.8,69.4,7777
56.7,57.5,17.1,70.6,7777
51.9,53.6,10.0,70.5,7777
48.4,51.7,5.1,68.0,7777
44.7,52.0,4.4,65.1,7777
40.1,51.7,7.2,62.5,7777
37.1,50.3,10.6,60.6,7777
36.8,49.8,12.3,58.7,7777
37.9,52.0,15.8,58.8,7777
40.5,56.3,18.1,60.6,7777
44.6,61.9,22.1,59.5,7777
48.0,66.1,25.4,62.1,7777
50.2,63.7,22.3,67.8,7777
51.0,57.1,17.7,73.1,7777
51.7,47.4,13.2,77.8,7777
47.2,33.5,4.8,81.0,7777
46.5,26.3,1.3,83.4,7777
51.2,24.8,2.8,86.3,7777
57.7,26.6,7.5,88.0,7777
61.0,27.6,9.3,86.9,7777
64.7,24.7,9.7,87.5,7777
64.3,16.7,4.7,89.0,7777
59.8,3.9,0.0,93.2,7777
56.4,0.7,9.2,96.0,7777
57.1,9.9,18.4,94.6,7777
55.9,18.4,27.1,91.8,7777
57.5,26.3,31.2,89.7,7777
61.6,34.5,30.5,86.5,7777
61.1,40.4,32.5,83.9,7777
58.5,42.3,35.3,83.1,7777
59.6,41.7,34.5,83.3,7777
60.2,36.5,32.8,85.1,7777
59.2,28.9,30.6,87.8,7777
58.6,22.3,27.7,90.5,7777
64.1,10.6,14.2,90.3,7777
75.0,1.1,0.0,87.6,7777
82.9,15.0,5.3,73.4,7777
80.1,16.3,5.1,77.6,7777
71.7,8.1,0.0,84.8,7777
65.6,4.3,0.0,89.5,7777
63.8,6.8,0.0,90.4,7777
65.2,15.3,2.3,88.4,7777
66.1,23.4,7.1,86.4,7777
63.9,29.1,8.9,85.7,7777
64.7,40.8,13.8,80.5,7777
66.1,52.4,19.3,73.1,7777
63.8,55.5,18.0,70.0,7777
59.1,51.9,11.9,71.0,7777
54.5,46.6,4.7,72.5,7777
51.4,44.1,1.0,70.0,7777
48.9,47.0,1.2,68.4,7777
47.0,52.7,5.7,66.7,7777
46.1,56.8,12.2,62.9,7777
45.6,57.3,14.5,64.4,7777
47.8,57.3,14.8,64.2,7777
50.9,58.4,15.5,68.4,7777
54.2,56.3,15.5,72.4,7777
57.3,54.0,16.9,74.6,7777
59.9,50.0,16.9,76.0,7777
59.3,42.3,13.4,80.7,7777
60.9,39.4,14.1,83.1,7777
65.6,39.9,17.6,81.4,7777
66.3,35.8,15.9,82.5,7777
61.7,23.1,7.1,87.5,7777
55.2,5.7,0.0,92.7,7777
49.9,0.0,10.8,94.8,7777
48.9,5.7,20.2,95.2,7777
53.4,11.6,23.8,93.8,7777
58.9,16.4,24.0,89.4,7777
61.7,22.6,26.1,87.5,7777
67.8,27.4,22.0,84.3,7777
73.2,26.7,14.4,77.4,7777
72.0,28.2,15.0,76.9,7777
70.4,28.8,17.7,78.7,7777
70.8,25.2,17.0,81.8,7777
75.7,12.1,7.3,80.0,7777
82.6,2.0,0.0,75.1,7777
79.5,1.4,0.1,77.2,7777
64.2,13.2,19.2,89.2,7777
49.6,23.6,39.4,92.9,7777
43.4,26.7,46.4,92.0,7777
47.0,19.1,35.0,96.9,7777
50.0,7.0,18.8,100.0,7777
52.0,0.0,6.1,98.4,7777
54.3,5.6,0.0,96.9,7777
59.3,21.5,8.0,91.2,7777
62.8,37.7,17.1,84.1,7777
63.1,48.2,20.1,78.8,7777
61.6,53.5,19.7,74.7,7777
59.1,56.1,18.1,72.0,7777
55.0,55.9,14.7,71.5,7777
50.1,54.1,9.8,70.8,7777
45.6,53.3,8.0,67.6,7777
41.8,53.7,9.2,63.8,7777
39.7,52.8,9.7,62.0,7777
40.1,53.1,9.9,61.9,7777
43.2,55.4,11.1,63.3,7777
47.5,56.5,11.5,66.1,7777
51.3,54.5,11.4,71.0,7777
53.7,49.0,9.8,74.7,7777
56.7,44.5,10.1,76.6,7777
58.2,37.3,8.9,79.8,7777
55.3,23.1,1.8,86.4,7777
51.3,9.4,0.0,91.0,7777
50.6,2.1,4.5,91.9,7777
53.8,0.0,7.7,92.4,7777
55.8,0.1,11.6,93.8,7777
61.2,2.3,11.8,93.1,7777
69.4,2.2,7.8,85.8,7777
76.5,2.3,4.4,79.7,7777
72.7,12.5,13.0,83.6,7777
59.2,30.0,35.4,86.9,7777
47.1,48.7,59.7,85.9,7777
38.4,59.8,73.7,79.9,7777
39.1,66.1,72.8,77.1,7777
44.8,67.3,62.3,74.4,7777
49.1,65.9,51.6,72.8,7777
50.8,60.5,41.5,69.8,7777
54.7,51.1,28.7,65.5,7777
54.3,49.6,27.0,65.8,7777
54.9,52.6,29.9,67.3,7777
64.2,50.5,25.0,68.0,7777
72.0,43.0,19.8,70.2,7777
75.7,36.1,17.1,71.7,7777
72.6,40.2,25.0,78.4,7777
61.6,45.8,41.9,84.2,7777
50.7,47.2,56.3,87.2,7777
44.9,39.3,56.5,88.3,7777
45.4,27.6,45.1,90.5,7777
50.6,14.7,27.6,95.1,7777
53.2,0.8,10.6,96.4,7777
57.8,6.2,0.0,93.4,7777
61.4,20.7,8.0,89.1,7777
62.4,32.3,15.3,86.1,7777
58.7,36.3,15.2,85.5,7777
53.3,32.4,9.0,86.7,7777
48.2,29.0,4.3,84.3,7777
49.7,40.1,10.6,84.4,7777
53.5,63.1,26.9,73.5,7777
53.7,75.5,36.5,62.6,7777
54.3,81.0,44.7,57.4,7777
49.2,76.6,39.7,56.7,7777
50.0,74.2,35.1,54.6,7777
49.6,69.1,30.7,59.0,7777
48.1,63.6,24.1,63.4,7777
47.0,59.6,18.1,65.7,7777
46.4,58.5,16.7,64.7,7777
47.1,59.6,16.9,65.5,7777
50.1,60.0,17.3,67.6,7777
52.7,59.2,18.1,70.3,7777
55.1,53.7,17.1,75.3,7777
54.2,41.6,11.0,80.7,7777
54.8,33.7,8.8,85.6,7777
60.0,32.3,12.2,85.9,7777
63.7,30.8,12.6,85.0,7777
65.0,25.5,9.6,85.5,7777
61.4,11.9,1.5,91.0,7777
55.6,0.0,3.0,95.5,7777
53.7,2.1,12.3,96.3,7777
53.4,12.6,22.8,97.0,7777
47.3,25.0,39.9,93.7,7777
45.6,35.3,50.3,90.4,7777
50.0,40.3,48.6,88.6,7777
57.8,41.6,38.6,84.4,7777
64.7,40.3,27.5,78.8,7777
68.1,38.3,19.1,72.9,7777
68.1,38.1,15.1,69.3,7777
64.8,40.7,15.1,69.2,7777
60.9,43.5,18.3,70.5,7777
57.8,51.3,27.9,73.6,7777
56.3,53.1,36.5,77.4,7777
58.1,47.4,37.4,81.4,7777
58.9,38.2,34.9,85.8,7777
61.9,26.0,25.6,87.5,7777
65.4,14.6,16.0,86.9,7777
68.4,5.8,7.8,88.0,7777
66.8,0.8,3.7,91.3,7777
66.8,2.8,0.0,89.4,7777
65.6,10.9,0.6,88.6,7777
67.9,23.0,7.7,85.1,7777
69.7,34.3,14.2,81.4,7777
68.9,42.1,16.4,77.6,7777
67.5,47.6,17.1,75.3,7777
65.1,52.0,16.5,71.9,7777
62.0,52.8,13.7,70.0,7777
57.5,47.8,6.9,72.7,7777
53.1,44.0,1.4,72.2,7777
51.1,49.5,3.8,68.6,7777
48.8,56.6,12.2,63.4,7777
46.3,59.7,21.1,56.5,7777
45.2,59.3,24.2,53.3,7777
44.8,59.9,25.0,50.8,7777
45.4,64.2,28.9,49.3,7777
47.2,69.9,31.9,49.2,7777
49.9,75.3,36.4,53.5,7777
50.7,82.1,42.1,55.8,7777
52.8,80.0,41.9,62.7,7777
52.5,73.8,41.9,72.7,7777
52.7,67.6,42.6,78.4,7777
53.8,61.6,42.9,82.1,7777
53.7,58.6,43.5,85.0,7777
54.5,57.9,45.2,86.1,7777
55.4,53.9,44.7,87.4,7777
54.4,44.0,40.1,90.3,7777
50.8,31.4,30.4,94.0,7777
47.8,20.1,21.4,95.6,7777
46.2,10.9,14.0,94.9,7777
46.8,6.2,11.9,93.3,7777
48.0,4.6,12.5,89.1,7777
50.3,2.4,14.2,86.6,7777
50.8,1.4,14.5,86.5,7777
48.8,1.3,12.3,88.9,7777
51.8,6.8,18.5,90.5,7777
54.2,17.9,26.3,89.7,7777
60.2,32.7,38.2,86.3,7777
62.0,41.9,42.1,84.4,7777
62.2,46.4,43.1,86.7,7777
61.6,50.1,42.7,86.6,7777
63.9,59.0,46.4,83.3,7777
69.0,77.2,53.9,74.7,7777
71.0,91.8,56.3,66.9,7777
70.1,95.3,51.6,60.8,7777
71.5,90.8,47.5,61.5,7777
71.4,80.9,42.0,64.5,7777
70.3,74.5,35.7,64.5,7777
68.4,69.7,31.1,65.0,7777
66.6,67.2,27.2,63.6,7777
65.0,64.4,23.6,62.8,7777
61.0,60.3,18.4,63.2,7777
57.6,56.0,13.6,66.2,7777
53.2,52.4,8.8,66.3,7777
48.8,50.3,6.0,65.0,7777
45.3,48.5,3.9,63.1,7777
43.4,47.3,2.4,62.1,7777
44.6,47.7,2.2,61.4,7777
48.1,47.5,1.2,64.6,7777
52.6,46.4,1.3,68.2,7777
57.5,44.4,2.7,70.7,7777
63.8,47.3,8.2,70.1,7777
68.7,51.1,13.1,66.4,7777
72.8,54.7,17.3,64.4,7777
74.2,49.8,17.1,69.0,7777
70.7,34.8,10.8,77.6,7777
66.0,17.4,2.5,86.4,7777
63.0,3.1,0.0,90.9,7777
57.0,3.5,13.9,95.7,7777
51.0,17.3,33.1,93.6,7777
50.2,30.7,45.8,90.4,7777
50.0,41.0,54.4,88.0,7777
56.8,47.4,50.2,84.7,7777
73.7,43.8,27.8,76.3,7777
81.5,31.4,11.5,66.8,7777
78.2,28.7,9.2,65.1,7777
72.6,39.3,17.0,67.7,7777
60.9,54.8,34.9,72.5,7777
55.3,59.7,44.8,74.8,7777
58.4,56.0,43.4,77.3,7777
65.5,45.4,35.0,79.6,7777
70.6,30.8,24.6,79.8,7777
81.1,12.7,7.7,73.8,7777
88.1,2.8,0.0,68.4,7777
87.9,2.1,0.0,69.6,7777
81.9,4.7,4.0,76.9,7777
70.9,9.8,14.4,84.6,7777
63.5,9.8,19.1,90.2,7777
63.2,2.8,12.1,91.6,7777
64.1,1.5,2.5,89.1,7777
64.2,10.9,0.0,87.5,7777
66.8,25.0,5.2,82.6,7777
69.4,37.7,11.8,77.2,7777
66.9,42.8,12.3,76.0,7777
64.4,45.7,11.0,74.2,7777
61.6,49.6,10.7,71.2,7777
57.1,48.5,6.4,71.4,7777
52.5,47.2,2.5,69.6,7777
48.7,49.2,2.2,66.5,7777
45.7,50.2,2.6,64.0,7777
45.4,50.2,3.3,63.8,7777
48.0,50.9,4.9,64.8,7777
52.6,53.0,8.0,67.2,7777
56.8,49.0,7.1,71.1,7777
58.1,38.7,2.8,76.2,7777
58.8,25.3,0.0,82.3,7777
57.7,12.7,0.4,86.3,7777
56.6,2.1,7.6,89.2,7777
57.8,0.3,14.8,90.4,7777
65.0,3.7,15.5,88.3,7777
74.8,0.7,7.4,80.7,7777
88.3,9.8,0.0,64.3,7777
97.5,19.1,2.1,55.9,7777
98.8,12.1,1.5,57.8,7777
88.2,2.9,1.7,66.9,7777
76.1,23.9,19.7,77.5,7777
72.1,37.8,29.4,76.9,7777
66.8,44.0,34.3,74.0,7777
66.6,47.5,31.8,69.7,7777
62.1,55.2,35.6,69.8,7777
49.8,64.6,49.1,71.7,7777
42.9,69.2,57.3,71.0,7777
49.9,67.3,49.2,70.4,7777
69.6,48.9,23.6,66.4,7777
84.7,26.6,5.6,58.9,7777
89.6,15.9,1.4,55.8,7777
89.9,19.1,4.9,58.4,7777
86.5,30.6,14.3,66.6,7777
78.7,38.5,26.5,73.4,7777
76.5,36.4,28.5,75.4,7777
80.2,25.4,20.4,74.4,7777
83.5,15.7,13.2,71.9,7777
76.8,21.2,21.5,78.1,7777
66.2,26.7,33.4,85.9,7777
63.8,21.0,30.7,88.8,7777
69.3,5.8,14.1,85.7,7777
77.1,3.6,0.0,81.5,7777
78.5,16.9,0.2,74.6,7777
77.5,21.3,1.6,74.6,7777
67.4,9.1,0.3,83.9,7777
56.6,1.1,9.8,88.6,7777
54.4,3.3,7.6,87.4,7777
56.8,16.9,0.0,84.4,7777
61.6,37.1,3.9,77.4,7777
64.8,54.8,14.8,67.2,7777
64.7,64.9,22.4,58.4,7777
63.0,66.1,23.6,54.7,7777
62.1,60.7,19.1,59.8,7777
62.4,51.1,10.5,68.0,7777
60.0,36.1,0.6,76.1,7777
59.8,28.4,0.0,78.3,7777
66.9,32.8,1.9,74.7,7777
74.8,45.4,10.1,65.2,7777
79.0,50.6,13.9,62.2,7777
79.2,43.6,11.4,65.8,7777
76.1,28.6,5.7,74.5,7777
71.3,14.2,0.0,81.3,7777
73.6,7.5,0.0,81.4,7777
71.4,0.3,5.1,84.0,7777
65.3,10.5,20.0,86.0,7777
59.3,26.8,37.9,88.3,7777
57.1,39.0,49.5,86.1,7777
61.2,46.6,50.2,82.0,7777
68.1,48.7,42.8,77.1,7777
76.0,43.0,29.6,69.9,7777
84.3,33.7,15.6,61.5,7777
87.0,24.5,7.1,56.0,7777
87.7,16.4,1.9,52.6,7777
89.9,15.4,1.2,53.0,7777
91.2,21.1,5.8,56.0,7777
90.1,28.3,12.9,61.6,7777
84.1,33.3,21.5,67.5,7777
69.5,48.4,44.5,78.2,7777
58.5,52.4,59.4,83.3,7777
61.7,39.9,47.2,85.3,7777
72.0,19.2,23.3,83.4,7777
80.8,2.4,5.8,76.1,7777
82.7,2.5,1.6,71.2,7777
81.0,3.9,1.2,72.7,7777
78.7,4.9,0.7,76.6,7777
77.8,8.1,0.0,77.5,7777
71.4,5.2,2.2,80.3,7777
60.5,0.0,12.9,88.7,7777
52.8,0.1,18.8,89.9,7777
54.9,2.0,9.6,87.5,7777
61.0,18.4,0.0,82.6,7777
65.4,37.6,5.4,76.0,7777
66.6,51.9,12.7,66.3,7777
64.6,58.7,16.3,59.3,7777
60.1,56.5,14.3,57.4,7777
56.7,50.7,9.0,61.2,7777
56.4,50.6,8.6,61.1,7777
59.5,53.3,11.1,59.8,7777
63.2,54.6,12.4,60.6,7777
66.4,53.0,12.3,63.2,7777
68.9,49.0,11.8,67.3,7777
67.3,36.4,5.8,75.0,7777
59.9,18.2,0.0,83.4,7777
56.6,6.8,4.1,87.9,7777
57.4,0.7,8.1,88.6,7777
57.5,0.0,13.5,90.7,7777
64.1,0.6,11.7,88.5,7777
78.1,1.6,2.4,78.2,7777
86.4,8.2,0.0,67.2,7777
89.7,9.0,0.0,63.2,7777
90.0,3.3,0.0,65.1,7777
81.1,8.5,10.4,73.2,7777
72.5,26.4,26.3,79.3,7777
69.3,38.0,34.7,78.8,7777
71.0,46.3,35.0,76.4,7777
69.3,50.0,34.3,73.1,7777
66.7,52.3,33.0,70.2,7777
64.8,55.1,31.9,67.2,7777
60.9,55.4,33.6,66.7,7777
60.3,57.6,37.5,68.8,7777
65.2,54.0,35.3,70.3,7777
71.0,46.6,30.4,72.6,7777
75.5,37.7,24.0,73.5,7777
79.8,29.3,17.7,73.1,7777
76.1,29.3,22.3,76.4,7777
62.2,39.5,42.6,84.0,7777
50.0,45.8,59.8,86.7,7777
55.3,34.1,45.4,89.2,7777
66.8,13.8,19.5,88.0,7777
76.1,0.8,1.5,80.6,7777
71.3,0.8,1.6,86.5,7777
59.2,1.0,11.1,94.7,7777
54.3,0.0,9.8,92.7,7777
58.4,9.8,0.0,89.9,7777
65.3,31.2,8.9,82.3,7777
66.3,43.0,12.5,76.3,7777
62.9,44.4,9.5,75.6,7777
59.2,44.4,6.0,74.2,7777
53.5,38.5,0.0,74.6,7777
51.0,40.5,0.0,72.1,7777
51.0,52.4,6.6,68.7,7777
49.8,60.4,19.6,59.7,7777
50.5,64.3,26.0,51.2,7777
51.4,62.5,23.5,52.2,7777
52.0,59.3,17.2,64.6,7777
52.0,48.5,6.2,72.8,7777
50.4,32.7,0.0,76.4,7777
51.5,25.5,0.0,80.1,7777
59.6,32.0,2.6,79.9,7777
69.9,46.1,12.3,70.0,7777
74.0,49.9,15.7,67.8,7777
72.0,36.1,9.1,74.9,7777
62.1,10.1,0.0,87.7,7777
55.4,0.0,12.0,91.1,7777
63.1,0.6,10.7,90.3,7777
73.4,0.4,4.8,82.4,7777
81.9,3.3,1.2,69.9,7777
89.3,1.7,0.8,67.4,7777
86.1,8.1,7.7,70.2,7777
84.0,17.7,13.1,69.4,7777
86.8,19.4,9.5,64.1,7777
85.9,20.5,6.5,60.7,7777
78.2,30.1,11.0,62.4,7777
59.5,54.0,33.5,71.5,7777
36.3,71.3,65.1,71.8,7777
25.0,79.2,83.4,68.6,7777
21.5,78.2,88.7,67.0,7777
27.9,68.3,81.5,74.6,7777
41.1,49.5,59.0,84.7,7777
61.2,21.9,21.0,88.0,7777
73.4,2.6,0.3,83.4,7777
71.5,1.1,0.2,87.2,7777
59.2,4.4,10.8,94.6,7777
53.9,3.1,11.3,97.5,7777
53.3,0.0,2.7,97.4,7777
55.5,10.8,1.1,95.0,7777
53.8,14.7,4.0,95.3,7777
51.6,17.1,4.6,93.2,7777
53.5,32.0,13.2,89.0,7777
61.0,58.5,30.8,78.0,7777
62.6,75.3,37.4,65.5,7777
59.7,75.0,33.9,59.0,7777
54.6,65.9,25.0,59.0,7777
50.0,58.2,17.9,60.2,7777
46.2,53.7,13.5,59.9,7777
45.0,51.9,11.9,59.6,7777
47.1,55.2,14.6,59.5,7777
52.5,60.0,18.0,60.7,7777
57.0,59.6,18.1,66.5,7777
57.9,49.9,13.0,74.2,7777
55.2,33.5,5.2,81.6,7777
49.1,15.7,0.0,85.0,7777
47.8,6.8,3.4,88.5,7777
55.4,9.7,0.0,89.5,7777
69.9,24.7,5.5,81.1,7777
77.4,32.1,9.2,73.4,7777
75.0,22.4,4.4,77.3,7777
69.4,6.7,0.0,85.8,7777
69.0,0.3,2.2,88.2,7777
70.6,1.9,6.0,85.8,7777
71.2,8.4,10.5,83.4,7777
65.9,20.9,22.2,84.3,7777
63.0,34.8,32.2,84.4,7777
62.2,42.5,33.7,79.8,7777
63.0,44.5,29.0,75.0,7777
70.1,38.3,15.0,68.8,7777
74.7,28.8,4.6,62.9,7777
75.7,20.0,0.0,58.8,7777
79.1,9.5,0.0,54.0,7777
83.3,5.1,3.3,51.7,7777
86.0,2.5,2.9,48.8,7777
89.3,9.9,0.0,53.7,7777
90.7,16.7,1.2,57.4,7777
88.8,26.0,8.9,61.5,7777
85.7,35.7,17.2,67.8,7777
81.5,33.2,21.4,71.7,7777
87.6,19.6,11.7,68.9,7777
96.9,2.7,0.0,57.9,7777
100.0,7.2,0.0,54.2,7777
97.9,4.6,0.0,57.5,7777
85.2,6.9,9.4,72.9,7777
70.8,13.0,22.2,82.1,7777
68.5,5.3,17.0,83.9,7777
76.2,4.1,1.9,78.5,7777
80.3,21.4,0.0,69.4,7777
79.4,31.1,2.3,66.5,7777
76.3,36.7,3.1,64.6,7777
75.2,47.1,7.5,56.9,7777
71.6,51.9,9.6,52.4,7777
66.9,47.2,6.0,53.3,7777
63.9,41.5,1.4,58.6,7777
63.8,39.4,0.1,59.3,7777
67.9,40.3,1.0,60.2,7777
71.9,37.5,0.6,61.9,7777
76.6,34.6,0.9,62.1,7777
79.7,29.9,0.4,64.1,7777
80.6,23.4,0.0,66.4,7777
83.0,18.8,0.0,66.6,7777
87.7,15.1,0.0,64.6,7777
87.0,7.1,0.1,65.1,7777
85.7,1.2,4.0,69.3,7777
87.4,5.9,7.3,69.8,7777
85.1,13.8,13.3,69.5,7777
85.9,19.3,15.2,67.0,7777
88.3,23.0,14.2,63.7,7777
87.3,24.8,13.4,60.8,7777
84.8,26.5,13.0,59.5,7777
84.0,28.1,11.0,58.0,7777
81.7,29.5,9.8,57.8,7777
80.3,29.5,9.1,58.2,7777
81.3,32.0,10.6,59.2,7777
82.8,33.5,12.9,61.0,7777
85.1,32.7,13.8,62.6,7777
88.0,28.6,12.5,63.8,7777
90.2,22.2,10.5,63.2,7777
90.8,18.1,9.7,64.7,7777
89.5,13.8,9.4,66.3,7777
87.8,9.3,8.7,68.9,7777
87.6,3.5,5.7,68.8,7777
85.3,1.4,4.0,68.4,7777
84.9,4.9,1.1,68.0,7777
83.5,10.9,0.0,68.4,7777
83.1,16.4,0.0,69.2,7777
81.5,23.9,0.0,67.0,7777
80.0,30.2,1.2,64.8,7777
79.4,36.8,3.6,62.7,7777
76.8,40.3,4.3,60.4,7777
73.1,42.7,4.6,58.9,7777
69.8,45.9,6.1,56.7,7777
65.2,43.4,4.6,55.9,7777
61.2,42.3,3.2,55.0,7777
59.7,43.7,4.4,52.8,7777
60.1,44.8,4.8,51.7,7777
62.6,45.1,5.1,51.6,7777
65.7,46.4,5.8,52.2,7777
69.3,48.5,7.4,53.4,7777
71.9,48.2,7.6,55.9,7777
74.6,46.2,7.3,57.6,7777
76.2,42.7,6.1,60.7,7777
77.3,38.0,4.7,64.5,7777
78.0,32.9,3.3,67.0,7777
78.6,28.0,1.9,68.7,7777
78.6,21.5,0.0,71.0,7777
80.5,16.3,0.0,72.2,7777
82.7,11.0,0.0,72.1,7777
81.2,4.4,0.4,74.2,7777
81.2,1.3,3.1,72.8,7777
85.8,2.7,4.3,73.8,7777
81.7,11.8,12.0,76.3,7777
78.7,20.2,18.8,76.0,7777
82.8,24.8,18.1,71.4,7777
83.9,28.2,18.0,68.2,7777
83.6,32.6,17.9,66.8,7777
81.0,35.8,18.2,65.6,7777
79.9,37.2,16.5,63.5,7777
79.3,34.5,12.2,60.0,7777
77.9,30.8,8.2,57.7,7777
75.4,26.8,5.8,55.6,7777
74.4,26.2,5.8,55.2,7777
75.8,28.9,7.4,56.6,7777
79.3,30.9,9.0,58.2,7777
82.1,30.5,10.4,59.1,7777
85.5,28.6,10.7,60.6,7777
88.1,26.2,10.7,61.2,7777
88.9,24.4,12.2,63.3,7777
87.3,21.5,14.1,65.9,7777
86.1,16.2,13.9,67.7,7777
84.8,11.0,12.1,70.5,7777
82.5,5.1,9.8,72.8,7777
78.7,1.4,8.1,75.2,7777
78.7,2.3,2.7,75.5,7777
80.0,9.1,0.0,75.7,7777
77.0,16.2,0.0,74.9,7777
75.0,22.7,0.0,74.5,7777
74.5,31.2,1.4,70.3,7777
73.2,39.0,3.6,66.4,7777
69.3,43.2,4.0,63.3,7777
65.2,44.5,3.4,61.7,7777
62.3,44.9,3.2,60.2,7777
61.6,45.0,3.4,59.7,7777
63.0,44.0,2.8,60.8,7777
66.8,45.4,4.8,61.8,7777
70.1,42.4,4.3,63.4,7777
72.4,39.3,3.6,65.5,7777
75.5,36.3,3.8,66.9,7777
77.0,30.9,2.3,68.5,7777
78.9,24.7,1.4,70.9,7777
77.9,15.4,0.0,74.4,7777
80.3,11.0,0.0,73.8,7777
82.4,5.7,0.0,74.1,7777
80.2,1.1,4.3,73.0,7777
83.3,2.8,5.6,74.1,7777
84.2,8.0,9.0,72.8,7777
84.9,13.2,11.5,70.4,7777
85.8,19.0,13.4,69.1,7777
85.2,24.0,14.9,67.5,7777
85.7,29.2,14.7,66.7,7777
82.0,33.4,15.6,65.6,7777
79.9,34.5,14.2,63.6,7777
79.0,33.6,10.5,61.0,7777
76.5,30.6,7.5,58.5,7777
73.5,26.5,5.2,56.8,7777
73.4,25.8,4.6,56.1,7777
75.1,28.7,6.6,57.3,7777
78.1,31.6,9.7,59.4,7777
78.9,32.8,13.9,62.7,7777
81.9,31.0,14.4,64.7,7777
86.6,25.3,11.5,64.4,7777
87.8,18.7,9.9,64.5,7777
90.0,11.8,7.3,65.1,7777
92.3,3.9,3.2,63.3,7777
93.3,2.9,0.0,62.2,7777
94.3,9.1,0.0,61.2,7777
90.4,11.3,0.0,62.0,7777
87.7,11.8,0.0,65.8,7777
85.8,15.7,0.0,67.4,7777
84.9,25.5,0.9,64.2,7777
82.7,33.2,2.5,61.6,7777
80.0,39.0,3.6,57.4,7777
77.9,44.6,5.9,53.3,7777
74.4,46.9,6.7,49.7,7777
70.9,46.7,6.7,47.6,7777
69.1,46.8,6.7,45.8,7777
69.5,49.2,7.9,44.8,7777
72.1,49.3,8.1,45.9,7777
75.8,51.0,9.0,46.3,7777
79.4,52.9,10.7,48.5,7777
82.1,51.7,11.2,52.7,7777
83.6,46.4,10.0,57.3,7777
83.1,37.6,6.9,63.0,7777
83.0,27.2,3.7,67.6,7777
82.8,15.3,0.4,71.8,7777
79.4,3.9,0.2,75.4,7777
76.7,1.6,6.3,77.4,7777
76.6,12.9,13.4,80.6,7777
71.4,27.8,25.4,82.7,7777
68.3,42.6,35.4,82.5,7777
67.2,52.8,39.2,78.6,7777
65.2,55.5,37.7,74.8,7777
65.0,51.5,30.2,69.6,7777
64.8,47.1,24.2,64.8,7777
60.4,52.2,27.6,65.9,7777
54.6,56.9,35.9,67.2,7777
49.0,66.1,49.6,72.6,7777
52.7,65.1,50.8,75.8,7777
61.5,54.9,41.0,78.1,7777
70.6,38.0,25.9,77.6,7777
72.7,30.9,21.8,78.6,7777
63.3,36.9,35.7,85.1,7777
46.4,48.0,62.1,87.4,7777
35.3,49.3,73.9,81.3,7777
40.7,36.4,57.5,88.2,7777
49.5,19.7,34.4,93.9,7777
55.0,7.9,18.7,95.2,7777
55.0,3.7,12.2,98.1,7777
51.9,0.0,6.1,96.0,7777
56.8,13.2,1.7,92.6,7777
64.3,35.6,17.2,84.3,7777
66.9,48.2,22.5,77.8,7777
61.6,43.3,15.0,80.4,7777
56.4,40.7,8.9,80.0,7777
56.2,49.0,12.4,76.0,7777
55.8,61.2,20.7,69.3,7777
53.4,64.4,23.2,62.7,7777
51.4,62.1,21.0,59.0,7777
50.1,57.7,15.0,61.8,7777
50.6,52.7,8.2,65.9,7777
52.7,51.7,8.0,70.7,7777
58.7,55.9,14.6,68.8,7777
63.1,60.6,20.2,64.9,7777
65.5,58.9,20.4,66.5,7777
64.3,46.3,15.4,77.1,7777
57.3,21.2,1.4,86.7,7777
50.2,3.0,4.9,89.8,7777
50.1,0.0,11.1,91.7,7777
61.3,1.3,4.0,89.5,7777
75.6,10.6,0.0,79.5,7777
82.7,17.0,1.5,71.4,7777
85.8,13.5,0.9,69.7,7777
86.3,9.4,0.0,65.6,7777
89.9,2.7,0.0,67.8,7777
78.8,13.3,8.4,76.5,7777
61.5,41.5,37.4,84.1,7777
50.7,59.0,54.9,80.5,7777
47.5,67.7,57.7,76.4,7777
47.0,66.2,51.7,72.4,7777
50.1,59.8,40.3,69.3,7777
55.8,44.4,22.9,62.7,7777
64.3,26.5,4.7,55.7,7777
67.5,13.9,0.0,52.1,7777
64.7,20.2,0.8,55.0,7777
52.8,45.1,22.6,63.8,7777
39.9,62.7,47.2,67.2,7777
38.2,69.3,55.3,69.1,7777
52.2,65.2,43.2,73.7,7777
62.8,51.7,30.4,72.8,7777
68.5,43.7,25.2,74.5,7777
74.4,35.4,19.3,74.4,7777
77.3,29.3,16.7,74.9,7777
71.4,33.0,25.5,81.4,7777
53.4,46.4,54.0,88.3,7777
41.3,52.6,70.9,85.1,7777
41.3,43.9,64.0,86.2,7777
50.0,27.8,42.5,93.2,7777
62.9,7.8,13.4,93.5,7777
72.3,1.2,0.0,89.2,7777
66.7,2.9,0.0,89.2,7777
57.2,0.0,4.8,93.7,7777
52.0,0.0,5.8,95.0,7777
57.1,12.3,0.4,92.7,7777
65.8,37.7,16.6,83.6,7777
68.5,55.1,23.7,72.9,7777
68.2,57.9,23.3,70.3,7777
63.3,51.0,14.7,72.0,7777
56.9,40.9,4.1,77.0,7777
52.0,33.8,0.0,76.6,7777
51.4,39.7,0.2,73.8,7777
52.1,51.8,7.8,71.3,7777
51.6,58.1,14.3,66.7,7777
51.7,57.2,13.5,66.7,7777
53.1,53.5,10.1,68.7,7777
54.7,46.9,7.3,74.4,7777
57.2,36.3,4.4,78.8,7777
58.1,24.7,0.7,84.4,7777
60.4,17.1,0.0,87.6,7777
66.6,16.4,0.8,85.1,7777
70.6,17.7,1.8,82.4,7777
74.6,16.4,1.6,79.2,7777
75.7,10.3,0.0,79.8,7777
76.0,2.1,0.0,82.9,7777
71.7,1.3,5.1,83.7,7777
70.5,8.8,11.5,84.6,7777
67.4,19.7,20.6,85.0,7777
63.3,30.4,30.1,85.0,7777
60.2,40.6,37.0,83.3,7777
54.7,50.0,44.6,81.0,7777
51.3,58.0,48.2,77.9,7777
52.1,59.6,45.2,76.3,7777
50.8,60.5,48.3,78.1,7777
50.9,57.6,50.7,81.2,7777
51.3,49.5,49.2,84.7,7777
52.8,40.7,44.6,90.1,7777
53.2,28.1,35.2,92.6,7777
51.7,18.1,28.9,94.1,7777
51.9,12.6,21.6,98.0,7777
51.4,0.4,9.4,93.1,7777
48.2,1.0,2.3,94.5,7777
50.1,10.3,2.5,98.4,7777
51.3,23.8,12.8,94.4,7777
52.6,34.4,20.0,90.6,7777
52.0,43.6,24.1,86.5,7777
49.5,51.9,24.4,82.1,7777
48.4,60.8,26.7,76.0,7777
46.7,67.2,28.9,72.1,7777
43.6,66.8,26.6,70.7,7777
41.9,64.7,23.7,69.5,7777
42.7,65.7,24.7,69.0,7777
44.8,64.8,25.2,71.6,7777
46.3,61.0,25.5,74.5,7777
49.2,56.6,27.0,78.1,7777
48.8,47.3,24.6,84.8,7777
47.8,38.8,20.9,88.6,7777
48.5,29.3,18.2,93.0,7777
45.5,18.7,9.1,95.4,7777
44.1,10.0,1.8,96.8,7777
44.0,2.5,0.0,97.0,7777
43.6,0.0,4.3,96.2,7777
43.9,0.6,10.6,95.5,7777
47.0,4.2,13.3,94.2,7777
48.7,7.2,15.3,92.4,7777
50.6,13.1,17.5,90.9,7777
50.4,18.8,20.8,90.7,7777
48.6,26.3,24.8,89.4,7777
50.6,32.6,22.5,85.1,7777
50.5,38.9,21.5,81.6,7777
47.7,43.6,23.0,80.2,7777
46.2,44.8,26.1,81.5,7777
46.2,41.3,27.9,82.5,7777
47.5,31.1,24.8,87.1,7777
48.6,20.9,19.3,90.9,7777
46.8,14.0,16.7,92.2,7777
43.1,10.6,18.2,93.9,7777
41.2,5.3,13.6,97.1,7777
40.7,0.0,4.2,96.8,7777
42.4,3.1,0.0,97.5,7777
43.5,12.8,8.4,97.1,7777
42.9,22.4,16.3,95.4,7777
42.7,30.7,23.3,93.6,7777
44.3,40.4,30.4,90.6,7777
43.4,50.3,32.8,86.4,7777
42.0,58.5,33.4,82.1,7777
41.2,66.5,35.1,77.5,7777
39.6,71.2,34.8,72.1,7777
37.4,70.2,32.1,71.2,7777
36.4,70.3,32.4,70.9,7777
36.9,70.5,32.8,70.0,7777
38.4,69.5,32.1,72.1,7777
39.7,64.9,29.9,76.1,7777
41.3,58.2,28.7,79.3,7777
43.4,50.5,28.1,82.0,7777
43.6,40.8,23.8,87.4,7777
44.4,31.7,20.0,91.9,7777
44.0,21.3,11.9,93.7,7777
45.2,9.7,3.5,95.6,7777
44.6,0.8,0.2,94.8,7777
45.3,0.0,8.6,94.3,7777
48.8,6.3,13.9,94.7,7777
49.7,13.5,20.0,92.8,7777
52.0,19.9,21.6,90.0,7777
52.5,26.7,23.1,86.3,7777
56.5,32.9,19.6,82.2,7777
58.1,36.2,15.1,78.8,7777
57.6,36.3,10.4,75.6,7777
61.0,32.1,2.3,71.2,7777
63.0,31.0,0.3,70.3,7777
61.2,40.5,6.5,76.6,7777
60.7,39.0,10.6,79.1,7777
67.8,31.6,5.9,80.6,7777
75.0,15.9,0.0,76.6,7777
79.1,7.5,0.0,76.3,7777
81.9,2.9,0.2,76.8,7777
78.1,1.7,0.0,80.6,7777
68.7,6.4,7.2,89.2,7777
60.8,13.8,18.1,99.2,7777
65.3,7.5,4.9,100.0,7777
73.3,14.2,3.4,81.9,7777
75.3,30.7,10.9,75.7,7777
76.0,40.2,15.8,73.5,7777
75.5,44.3,16.5,71.7,7777
73.6,44.6,15.7,71.9,7777
70.6,43.2,14.3,74.9,7777
68.2,44.8,11.9,73.6,7777
67.5,53.7,15.6,67.4,7777
66.0,64.4,21.9,57.0,7777
63.2,64.2,21.1,52.4,7777
61.4,57.4,15.6,57.0,7777
59.2,49.8,7.3,65.4,7777
59.7,44.6,2.9,69.2,7777
62.4,39.7,1.8,71.7,7777
67.6,41.0,6.0,71.4,7777
72.5,42.8,9.6,69.3,7777
75.3,41.0,10.4,69.2,7777
72.4,27.3,5.1,77.1,7777
66.5,12.0,0.0,85.8,7777
66.8,7.3,0.0,85.5,7777
74.2,8.5,0.0,80.5,7777
81.8,9.9,0.0,75.8,7777
82.7,6.6,0.0,74.9,7777
80.6,1.6,0.0,73.7,7777
72.8,10.1,12.3,82.3,7777
59.2,29.6,37.4,88.4,7777
58.6,41.5,44.3,85.9,7777
63.9,44.8,38.5,81.0,7777
67.8,43.3,29.9,76.1,7777
70.5,42.1,22.7,71.6,7777
69.7,42.8,19.1,69.2,7777
67.4,42.7,16.8,68.0,7777
63.8,40.9,16.5,65.9,7777
69.6,40.4,12.7,65.0,7777
73.5,38.7,13.7,66.4,7777
76.9,31.8,12.6,69.0,7777
83.2,21.2,7.4,68.9,7777
91.9,8.4,0.4,63.9,7777
90.8,4.7,1.1,66.2,7777
83.1,6.0,6.3,73.0,7777
71.8,14.3,18.8,82.9,7777
63.4,18.8,28.3,88.4,7777
65.1,8.3,18.0,87.5,7777
70.8,0.3,3.6,87.2,7777
71.6,11.1,0.0,81.0,7777
72.1,22.4,2.5,78.8,7777
75.6,38.8,10.3,71.3,7777
74.8,50.9,14.3,64.2,7777
72.7,55.6,15.1,59.6,7777
69.4,55.7,13.4,55.9,7777
65.3,51.6,10.1,57.5,7777
63.6,50.1,8.6,57.5,7777
64.4,51.8,10.2,58.0,7777
68.1,53.1,11.9,58.7,7777
71.6,52.5,12.1,59.3,7777
74.7,50.2,13.1,63.6,7777
75.7,42.7,11.3,69.1,7777
74.8,30.8,7.0,75.3,7777
73.3,20.0,2.6,79.8,7777
72.7,11.1,0.0,82.2,7777
75.2,6.8,0.0,80.3,7777
79.8,5.8,0.0,76.2,7777
85.6,10.1,0.0,67.7,7777
90.6,13.0,3.0,62.8,7777
88.0,3.7,0.0,66.8,7777
75.7,12.1,7.9,75.8,7777
56.3,40.2,39.5,83.8,7777
47.9,53.6,52.9,80.8,7777
49.5,58.0,50.0,79.5,7777
59.3,50.8,32.8,76.5,7777
69.5,40.4,16.9,71.5,7777
73.8,33.6,9.8,69.6,7777
76.1,31.7,8.6,68.8,7777
75.1,32.5,12.4,71.9,7777
77.9,27.6,10.7,72.6,7777
85.8,14.1,1.8,68.3,7777
91.3,6.4,0.0,64.1,7777
82.8,17.6,6.6,72.0,7777
68.6,33.6,27.6,82.6,7777
68.4,31.5,28.2,84.6,7777
80.2,13.0,8.2,77.1,7777
90.7,2.0,0.0,67.7,7777
83.3,2.0,1.0,74.9,7777
72.2,7.6,12.1,84.6,7777
72.3,3.1,8.1,84.1,7777
83.3,8.0,0.0,76.2,7777
84.6,26.0,4.5,66.8,7777
82.0,24.3,3.7,70.6,7777
73.0,12.8,0.0,79.5,7777
65.8,10.0,0.1,84.7,7777
71.7,27.8,3.5,76.7,7777
75.5,49.2,13.3,64.2,7777
73.4,52.5,13.1,60.8,7777
69.9,45.9,6.7,62.5,7777
65.4,35.9,0.0,71.2,7777
65.9,34.0,0.0,70.1,7777
70.8,44.0,6.1,64.0,7777
74.9,61.5,17.9,51.8,7777
74.4,63.5,18.0,49.4,7777
74.7,54.3,14.1,58.5,7777
71.9,39.6,7.1,70.1,7777
73.2,33.2,6.6,74.4,7777
75.4,31.6,7.2,74.3,7777
79.3,33.8,8.8,71.0,7777
79.0,24.8,5.4,74.1,7777
72.1,7.6,0.0,81.9,7777
70.2,0.3,2.7,87.3,7777
72.5,0.6,4.7,84.0,7777
82.2,2.8,0.0,72.7,7777
91.4,7.6,1.5,64.9,7777
88.0,1.8,0.0,68.4,7777
73.2,17.3,14.0,79.1,7777
59.8,37.5,37.4,83.3,7777
65.2,41.0,31.3,78.3,7777
75.6,31.6,13.6,70.7,7777
82.6,17.2,0.0,62.3,7777
81.1,14.2,0.0,59.1,7777
71.4,32.0,6.9,66.3,7777
55.9,53.5,29.8,72.7,7777
55.3,57.5,34.1,74.8,7777
75.1,32.1,7.6,67.1,7777
88.0,11.9,0.0,59.6,7777
87.8,9.4,0.0,59.9,7777
78.4,28.6,12.2,69.6,7777
71.5,39.0,25.3,76.8,7777
83.8,19.9,7.7,70.5,7777
96.4,3.0,0.0,60.8,7777
95.1,2.3,0.0,59.4,7777
84.4,10.9,7.2,72.4,7777
73.0,20.3,21.5,83.6,7777
78.2,9.3,10.6,80.8,7777
87.4,3.4,0.0,71.6,7777
88.6,12.1,0.0,65.7,7777
83.9,9.0,0.0,72.0,7777
77.9,6.7,0.0,80.1,7777
77.2,16.1,0.0,75.9,7777
81.3,32.5,6.0,68.3,7777
82.7,44.5,9.5,59.4,7777
78.9,41.7,6.3,61.3,7777
73.7,33.8,0.6,67.0,7777
68.6,26.8,0.0,71.1,7777
67.1,30.8,0.0,70.5,7777
69.5,41.8,3.0,63.8,7777
70.8,49.6,8.3,54.0,7777
70.3,49.9,8.4,54.4,7777
71.0,45.0,5.8,59.1,7777
70.5,36.7,1.2,67.0,7777
72.5,33.6,0.9,68.4,7777
76.1,35.4,2.9,65.9,7777
80.4,40.3,6.1,61.8,7777
80.9,36.6,4.5,62.5,7777
84.3,37.9,6.2,60.8,7777
87.7,44.0,9.2,57.0,7777
88.9,38.9,8.1,59.1,7777
84.1,18.0,0.8,68.9,7777
69.7,1.7,10.1,85.6,7777
61.2,14.8,27.0,89.5,7777
69.0,16.6,22.7,85.8,7777
85.7,8.2,7.0,70.8,7777
91.8,6.0,2.6,62.7,7777
86.2,18.6,10.4,69.2,7777
82.1,29.4,16.3,70.6,7777
84.2,27.4,10.4,65.5,7777
87.8,14.2,0.0,56.8,7777
86.3,5.4,0.0,51.2,7777
81.1,12.2,0.0,53.9,7777
67.9,35.7,10.0,64.6,7777
60.9,48.2,23.7,68.9,7777
66.7,50.6,23.7,71.2,7777
79.9,31.0,8.2,66.0,7777
88.2,13.6,0.0,60.2,7777
88.9,13.6,1.5,62.7,7777
82.7,26.5,13.1,70.8,7777
76.0,33.9,23.5,77.9,7777
85.0,19.2,9.5,70.7,7777
94.7,3.1,0.0,62.1,7777
98.1,5.4,0.0,56.5,7777
89.3,2.4,2.5,66.7,7777
76.3,10.5,14.8,79.6,7777
77.9,5.2,9.7,77.9,7777
85.3,5.8,0.0,69.1,7777
87.8,17.8,0.8,66.2,7777
82.8,14.6,0.0,72.0,7777
73.1,8.4,0.4,80.9,7777
74.3,20.5,0.0,76.5,7777
80.3,45.8,10.5,61.7,7777
77.5,56.0,13.2,49.8,7777
72.3,51.2,9.3,48.6,7777
67.0,45.2,5.2,49.6,7777
63.8,43.5,4.2,52.5,7777
63.4,44.8,5.0,50.0,7777
67.6,48.6,7.0,48.1,7777
73.7,51.3,8.8,48.8,7777
78.2,48.6,9.0,54.6,7777
79.9,46.0,8.8,58.1,7777
82.7,51.0,12.0,55.4,7777
85.4,57.9,14.2,50.2,7777
85.0,49.4,11.6,56.3,7777
79.0,27.6,2.8,69.1,7777
69.3,6.2,1.6,82.2,7777
67.7,0.2,5.9,86.0,7777
75.2,1.4,2.9,81.1,7777
85.5,8.6,0.0,65.7,7777
87.2,4.5,0.0,66.3,7777
80.0,4.5,8.2,75.4,7777
74.3,15.9,18.5,80.9,7777
78.2,18.6,16.8,77.7,7777
88.4,16.5,7.5,66.9,7777
85.8,23.2,10.4,67.1,7777
76.2,35.3,20.9,71.8,7777
74.5,39.4,21.0,69.2,7777
76.4,35.1,13.3,63.8,7777
77.3,30.9,6.6,60.6,7777
71.4,36.0,10.6,63.4,7777
67.3,46.0,20.4,66.3,7777
61.6,59.1,36.3,73.4,7777
52.9,65.4,53.6,77.3,7777
60.0,59.7,45.7,78.8,7777
75.2,41.3,22.2,72.1,7777
89.2,16.2,2.0,61.6,7777
94.0,7.5,0.0,60.4,7777
89.7,14.1,3.7,65.2,7777
79.8,28.1,18.7,73.9,7777
78.5,26.5,19.8,77.2,7777
86.4,11.6,6.9,69.7,7777
92.9,2.8,0.1,63.4,7777
88.4,2.5,2.0,68.8,7777
81.5,2.8,5.8,75.4,7777
80.3,1.1,3.1,75.0,7777
90.7,16.2,1.2,66.1,7777
95.1,36.1,7.9,56.9,7777
89.9,36.2,6.6,58.1,7777
81.4,24.9,1.1,68.0,7777
76.5,21.4,0.0,73.4,7777
77.5,32.8,2.1,68.0,7777
76.9,48.0,9.2,56.8,7777
73.8,59.7,13.6,41.0,7777
69.6,57.5,12.3,36.5,7777
66.0,47.2,7.2,40.9,7777
62.6,39.6,2.9,49.0,7777
62.7,40.8,3.4,46.7,7777
65.9,46.0,6.4,42.8,7777
69.9,48.5,7.9,42.9,7777
73.9,49.8,8.6,47.8,7777
77.8,47.2,7.8,52.9,7777
78.9,39.5,4.5,59.6,7777
81.2,35.2,4.0,63.2,7777
84.1,38.3,5.9,59.9,7777
87.0,43.9,8.1,55.7,7777
89.4,41.7,7.8,55.4,7777
86.4,25.4,3.5,65.9,7777
78.7,6.5,0.0,76.8,7777
77.1,1.4,3.1,77.1,7777
80.4,1.1,3.9,74.9,7777
74.7,9.6,13.7,81.1,7777
65.4,25.2,31.9,86.8,7777
62.5,34.8,41.4,85.8,7777
72.7,37.0,31.8,80.7,7777
82.9,28.5,16.0,68.8,7777
88.3,18.5,4.9,60.0,7777
90.2,12.1,0.0,55.0,7777
87.6,13.1,0.0,55.3,7777
84.6,19.0,2.5,58.7,7777
76.8,36.5,16.7,66.3,7777
57.8,60.4,46.9,74.9,7777
48.6,66.5,59.5,75.9,7777
54.3,62.8,51.2,76.1,7777
69.1,50.5,30.7,72.9,7777
81.4,32.3,13.3,68.7,7777
84.2,26.0,10.8,69.1,7777
81.0,26.3,15.1,72.7,7777
79.7,24.3,15.9,74.3,7777
79.6,23.3,16.4,77.2,7777
74.8,22.2,20.4,81.5,7777
64.8,23.4,29.8,88.8,7777
56.6,23.1,36.2,92.4,7777
61.7,10.9,21.2,91.6,7777
79.0,5.5,0.0,82.0,7777
85.0,31.8,6.9,64.3,7777
82.8,36.0,8.8,67.2,7777
78.9,34.7,7.5,70.2,7777
75.6,36.9,6.7,69.5,7777
71.7,38.6,4.9,69.2,7777
69.2,44.3,6.2,66.8,7777
66.7,48.7,7.7,61.9,7777
65.9,51.3,9.9,58.5,7777
66.4,50.2,9.3,60.9,7777
69.5,48.2,9.1,64.0,7777
72.2,43.2,8.1,67.4,7777
74.8,39.5,8.4,69.6,7777
74.8,30.9,5.5,73.4,7777
73.9,20.7,1.5,77.0,7777
72.9,9.7,0.0,80.7,7777
74.1,1.6,1.4,82.4,7777
69.7,1.8,10.0,82.9,7777
74.8,5.7,10.6,79.7,7777
80.5,9.7,9.2,75.6,7777
81.8,13.6,9.6,73.1,7777
79.0,18.9,13.4,74.1,7777
80.9,19.0,11.9,72.9,7777
82.8,16.3,10.0,72.8,7777
81.0,11.5,9.6,72.9,7777
82.2,6.6,6.5,74.4,7777
80.6,3.6,5.5,76.1,7777
75.8,2.8,7.4,80.0,7777
72.7,1.1,7.0,82.0,7777
74.2,0.6,3.2,82.9,7777
75.8,0.9,2.2,80.9,7777
76.2,1.0,2.2,79.6,7777
73.5,0.4,4.1,82.9,7777
73.2,0.4,4.4,83.9,7777
73.8,0.4,4.2,83.0,7777
74.3,0.5,3.9,83.1,7777
74.1,0.5,4.0,83.3,7777
73.7,0.5,4.3,83.7,7777
73.5,0.5,4.4,83.8,7777
73.9,0.5,4.2,83.6,7777
74.2,0.5,4.0,83.4,7777
74.1,0.5,4.1,83.5,7777
73.9,0.5,4.3,83.6,7777
73.7,0.5,4.3,83.6,7777
73.9,0.5,4.1,83.7,7777
73.9,0.5,4.1,83.6,7777
74.0,0.5,4.1,83.7,7777
73.9,0.5,4.2,83.7,7777
73.8,0.5,4.2,83.7,7777
74.0,0.5,4.2,83.6,7777
74.0,0.5,4.1,83.6,7777
73.9,0.5,4.2,83.7,7777
73.9,0.5,4.2,83.7,7777
74.0,0.5,4.1,83.6,7777
73.9,0.5,4.1,83.7,7777
74.0,0.5,4.2,83.6,7777
74.0,0.5,4.2,83.7,7777
73.9,0.5,4.2,83.7,7777
73.9,0.5,4.1,83.7,7777
73.9,0.5,4.1,83.7,7777
74.0,0.5,4.2,83.6,7777
73.9,0.5,4.2,83.7,7777
74.0,0.5,4.2,83.7,7777
73.9,0.5,4.2,83.7,7777
73.9,0.5,4.2,83.7,7777
74.0,0.5,4.2,83.8,7777
74.0,0.5,4.2,83.8,7777
73.9,0.5,4.1,83.6,7777
74.0,0.5,4.2,83.8,7777
73.9,0.5,4.1,83.8,7777
74.0,0.5,4.2,83.7,7777
73.9,0.5,4.2,83.8,7777
74.0,0.5,4.1,83.8,7777
74.0,0.5,4.2,83.8,7777
74.0,0.5,4.2,83.7,7777
74.0,0.5,4.2,83.8,7777
74.0,0.5,4.2,83.7,7777
73.9,0.5,4.2,83.8,7777
74.0,0.5,4.2,83.7,7777
74.0,0.5,4.2,83.7,7777
73.9,0.5,4.2,83.7,7777
74.0,0.5,4.2,83.7,7777
74.0,0.5,4.1,83.8,7777
74.0,0.5,4.2,83.7,7777
73.9,0.5,4.1,83.7,7777
